1111000000000000
0100000000011110
0001000000011111
1010000000010001
1111000000000000
0100000000011110
0001000000011111
1010000000001110
1011000000000110
1111100000000000
0100100000011111
0010100000000000
1000100000011111
1001000000000000
1111000000000000
0100000000011111
1000000001000000
1001000000001110
1111000000000000
0010000000000000
1000000001000000
1001000000010010
0000000000000000
0000000000000000
0000000000000000
0000000000000000
0000000000000000
0000000000000000
0000000000000000
0000000000000000
0000011111111001
0000000000000010
0000000000000000
0000000000000000
0000000000000000
0000000000000000
0000000000000000
0000000000000000
0000000000000000
0000000000000000
0000000000000000
0000000000000000
0000000000000000
0000000000000000
0000000000000000
0000000000000000
0000000000000000
0000000000000000
0000000000000000
0000000000000000
0000000000000000
0000000000000000
0000000000000000
0000000000000000
0000000000000000
0000000000000000
0000000000000000
0000000000000000
0000000000000000
0000000000000000
0000000000000000
0000000000000000
0000000000000000
0000000000000000
